,clickbait_score,controversial_news,readability,spamminess,vagueness
Times of India,0.0,0.0,0.30041593068219796,0.58984375,0.1875
Indian Express,0.0,0.0,0.24577505131999813,0.48263888888888884,0.3333333333333333
Scroll,0.02564102564102564,0.0,0.30970716080755717,0.40865384615384603,0.28205128205128205
OpIndia,0.0,0.0,0.25026148244270174,0.5179924242424243,0.3181818181818182
Outlook,0.5,0.0,0.31937747648827997,0.5208333333333334,0.25
Bloomberg Quin,0.04918032786885246,0.0,0.23155708356844407,0.4293032786885246,0.36065573770491804
HuffPost India,0.2,0.0,0.2546426695946914,0.3833333333333334,0.2
The Quint,0.5,0.0,0.3176111137633074,0.4270833333333333,0.25
Swarajyamag,0.25,0.0,0.24805461402587486,0.47526041666666663,0.40625
HT,0.0,0.0,0.32066644388217885,0.5,0.0
TheHindu,0.0,0.0,0.6851509592236189,0.46875,0.4642857142857143
DNA,0.0,0.0,0.25945242755525855,0.5885416666666666,0.125
